image_width: 640
image_height: 480
camera_name: narrow_stereo
camera_matrix:
  rows: 3
  cols: 3
  data: [548.43166,   0.     , 316.17349,
           0.     , 548.7801 , 251.27849,
           0.     ,   0.     ,   1.     ]
distortion_model: plumb_bob
distortion_coefficients:
  rows: 1
  cols: 5
  data: [0.060848, -0.096561, 0.003552, -0.000435, 0.000000]
rectification_matrix:
  rows: 3
  cols: 3
  data: [1., 0., 0.,
         0., 1., 0.,
         0., 0., 1.]
projection_matrix:
  rows: 3
  cols: 4
  data: [553.40875,   0.     , 315.39737,   0.     ,
           0.     , 552.96362, 252.11512,   0.     ,
           0.     ,   0.     ,   1.     ,   0.     ]
